1 0.000001 
2 0.000001 
3 0.000001 
4 0.000001 
5 0.000001 
6 0.000001 
7 0.000001 
8 0.000001 
9 0.000001 
10 0.000001 
11 0.000001 
12 0.000001 
13 0.000001 
14 0.000001 
15 0.000001 
16 0.000001 
17 0.000001 
18 0.000001 
19 0.000001 
20 0.000001 
21 0.000001 
22 0.000001 
23 0.000001 
24 0.000001 
25 0.000001 
26 0.000001 
27 0.000001 
28 0.000001 
29 0.000001 
30 0.000001 
31 0.000001 
32 0.000001 
33 0.000001 
34 0.000001 
35 0.000001 
36 0.000001 
37 0.000001 
38 0.000001 
39 0.000001 
40 0.000001 
41 0.000001 
42 0.000001 
43 0.000001 
44 0.000001 
45 0.000001 
46 0.000001 
47 0.000001 
48 0.000001 
49 0.000001 
50 0.000001 
51 0.000001 
52 0.000001 
53 0.000001 
54 0.000001 
55 0.000001 
56 0.000001 
57 0.000001 
58 0.000002 
59 0.000002 
60 0.000002 
61 0.000002 
62 0.000002 
63 0.000002 
64 0.000002 
65 0.000002 
66 0.000002 
67 0.000002 
68 0.000002 
69 0.000002 
70 0.000002 
71 0.000002 
72 0.000002 
73 0.000002 
74 0.000002 
75 0.000002 
76 0.000002 
77 0.000002 
78 0.000002 
79 0.000002 
80 0.000002 
81 0.000002 
82 0.000002 
83 0.000002 
84 0.000002 
85 0.000002 
86 0.000002 
87 0.000002 
88 0.000002 
89 0.000002 
90 0.000002 
91 0.000002 
92 0.000002 
93 0.000002 
94 0.000002 
95 0.000002 
96 0.000002 
97 0.000002 
98 0.000002 
99 0.000002 
100 0.000002 
101 0.000002 
102 0.000002 
103 0.000002 
104 0.000002 
105 0.000002 
106 0.000002 
107 0.000002 
108 0.000002 
109 0.000002 
110 0.000002 
111 0.000002 
112 0.000002 
113 0.000002 
114 0.000002 
115 0.000002 
116 0.000003 
117 0.000002 
118 0.000002 
119 0.000002 
120 0.000002 
121 0.000002 
122 0.000002 
123 0.000002 
124 0.000002 
125 0.000003 
126 0.000002 
127 0.000002 
128 0.000002 
129 0.000002 
130 0.000002 
131 0.000002 
132 0.000003 
133 0.000003 
134 0.000003 
135 0.000003 
136 0.000002 
137 0.000003 
138 0.000003 
139 0.000002 
140 0.000002 
141 0.000003 
142 0.000003 
143 0.000003 
144 0.000003 
145 0.000002 
146 0.000003 
147 0.000003 
148 0.000003 
149 0.000003 
150 0.000003 
151 0.000003 
152 0.000003 
153 0.000003 
154 0.000003 
155 0.000003 
156 0.000003 
157 0.000003 
158 0.000002 
159 0.000002 
160 0.000003 
161 0.000003 
162 0.000003 
163 0.000003 
164 0.000003 
165 0.000002 
166 0.000003 
167 0.000002 
168 0.000003 
169 0.000003 
170 0.000003 
171 0.000003 
172 0.000003 
173 0.000003 
174 0.000003 
175 0.000003 
176 0.000003 
177 0.000003 
178 0.000003 
179 0.000003 
180 0.000003 
181 0.000003 
182 0.000003 
183 0.000003 
184 0.000003 
185 0.000003 
186 0.000003 
187 0.000003 
188 0.000003 
189 0.000003 
190 0.000003 
191 0.000003 
192 0.000003 
193 0.000003 
194 0.000003 
195 0.000003 
196 0.000003 
197 0.000003 
198 0.000003 
199 0.000003 
200 0.000003 
201 0.000003 
202 0.000004 
203 0.000004 
204 0.000004 
205 0.000004 
206 0.000004 
207 0.000003 
208 0.000003 
209 0.000004 
210 0.000003 
211 0.000003 
212 0.000003 
213 0.000003 
214 0.000004 
215 0.000004 
216 0.000004 
217 0.000003 
218 0.000003 
219 0.000003 
220 0.000004 
221 0.000003 
222 0.000004 
223 0.000004 
224 0.000004 
225 0.000004 
226 0.000004 
227 0.000004 
228 0.000004 
229 0.000004 
230 0.000004 
231 0.000004 
232 0.000004 
233 0.000004 
234 0.000004 
235 0.000004 
236 0.000004 
237 0.000004 
238 0.000004 
239 0.000004 
240 0.000004 
241 0.000004 
242 0.000004 
243 0.000004 
244 0.000004 
245 0.000004 
246 0.000004 
247 0.000004 
248 0.000004 
249 0.000004 
250 0.000004 
251 0.000004 
252 0.000004 
253 0.000004 
254 0.000004 
255 0.000004 
256 0.000004 
257 0.000004 
258 0.000004 
259 0.000004 
260 0.000004 
261 0.000004 
262 0.000004 
263 0.000004 
264 0.000004 
265 0.000004 
266 0.000004 
267 0.000004 
268 0.000005 
269 0.000004 
270 0.000004 
271 0.000004 
272 0.000005 
273 0.000004 
274 0.000004 
275 0.000005 
276 0.000005 
277 0.000004 
278 0.000004 
279 0.000004 
280 0.000004 
281 0.000003 
282 0.000004 
283 0.000004 
284 0.000004 
285 0.000005 
286 0.000004 
287 0.000004 
288 0.000004 
289 0.000004 
290 0.000005 
291 0.000005 
292 0.000005 
293 0.000004 
294 0.000005 
295 0.000004 
296 0.000005 
297 0.000005 
298 0.000005 
299 0.000005 
300 0.000005 
301 0.000005 
302 0.000005 
303 0.000005 
304 0.000005 
305 0.000005 
306 0.000005 
307 0.000005 
308 0.000004 
309 0.000005 
310 0.000005 
311 0.000005 
312 0.000005 
313 0.000005 
314 0.000005 
315 0.000005 
316 0.000005 
317 0.000006 
318 0.000004 
319 0.000005 
320 0.000005 
321 0.000005 
322 0.000005 
323 0.000005 
324 0.000005 
325 0.000005 
326 0.000005 
327 0.000005 
328 0.000005 
329 0.000005 
330 0.000005 
331 0.000005 
332 0.000006 
333 0.000005 
334 0.000006 
335 0.000005 
336 0.000005 
337 0.000005 
338 0.000005 
339 0.000005 
340 0.000005 
341 0.000005 
342 0.000005 
343 0.000005 
344 0.000005 
345 0.000005 
346 0.000005 
347 0.000005 
348 0.000005 
349 0.000005 
350 0.000005 
351 0.000005 
352 0.000005 
353 0.000005 
354 0.000005 
355 0.000005 
356 0.000005 
357 0.000005 
358 0.000005 
359 0.000005 
360 0.000005 
361 0.000005 
362 0.000005 
363 0.000005 
364 0.000005 
365 0.000005 
366 0.000005 
367 0.000005 
368 0.000005 
369 0.000005 
370 0.000005 
371 0.000006 
372 0.000006 
373 0.000005 
374 0.000005 
375 0.000006 
376 0.000006 
377 0.000006 
378 0.000005 
379 0.000005 
380 0.000006 
381 0.000005 
382 0.000005 
383 0.000005 
384 0.000005 
385 0.000006 
386 0.000005 
387 0.000005 
388 0.000005 
389 0.000006 
390 0.000006 
391 0.000005 
392 0.000005 
393 0.000006 
394 0.000006 
395 0.000006 
396 0.000006 
397 0.000005 
398 0.000005 
399 0.000006 
400 0.000005 
401 0.000005 
402 0.000005 
403 0.000006 
404 0.000005 
405 0.000006 
406 0.000005 
407 0.000006 
408 0.000005 
409 0.000005 
410 0.000005 
411 0.000006 
412 0.000005 
413 0.000005 
414 0.000005 
415 0.000005 
416 0.000005 
417 0.000006 
418 0.000005 
419 0.000006 
420 0.000006 
421 0.000006 
422 0.000006 
423 0.000005 
424 0.000006 
425 0.000005 
426 0.000006 
427 0.000008 
428 0.000006 
429 0.000006 
430 0.000006 
431 0.000006 
432 0.000006 
433 0.000006 
434 0.000006 
435 0.000006 
436 0.000005 
437 0.000006 
438 0.000006 
439 0.000006 
440 0.000006 
441 0.000006 
442 0.000006 
443 0.000006 
444 0.000006 
445 0.000006 
446 0.000006 
447 0.000007 
448 0.000007 
449 0.000007 
450 0.000005 
451 0.000006 
452 0.000006 
453 0.000007 
454 0.000007 
455 0.000006 
456 0.000006 
457 0.000006 
458 0.000006 
459 0.000006 
460 0.000006 
461 0.000007 
462 0.000006 
463 0.000007 
464 0.000006 
465 0.000005 
466 0.000006 
467 0.000006 
468 0.000006 
469 0.000007 
470 0.000006 
471 0.000006 
472 0.000006 
473 0.000006 
474 0.000006 
475 0.000006 
476 0.000006 
477 0.000006 
478 0.000006 
479 0.000006 
480 0.000006 
481 0.000007 
482 0.000007 
483 0.000006 
484 0.000006 
485 0.000006 
486 0.000006 
487 0.000007 
488 0.000006 
489 0.000006 
490 0.000006 
491 0.000007 
492 0.000006 
493 0.000007 
494 0.000006 
495 0.000007 
496 0.000007 
497 0.000008 
498 0.000006 
499 0.000007 
500 0.000007 
501 0.000007 
502 0.000007 
503 0.000007 
504 0.000007 
505 0.000007 
506 0.000007 
507 0.000007 
508 0.000007 
509 0.000007 
510 0.000007 
511 0.000007 
512 0.000007 
513 0.000006 
514 0.000006 
515 0.000006 
516 0.000007 
517 0.000006 
518 0.000009 
519 0.000007 
520 0.000008 
521 0.000007 
522 0.000007 
523 0.000007 
524 0.000007 
525 0.000007 
526 0.000007 
527 0.000007 
528 0.000007 
529 0.000006 
530 0.000007 
531 0.000006 
532 0.000007 
533 0.000007 
534 0.000009 
535 0.000007 
536 0.000007 
537 0.000007 
538 0.000007 
539 0.000007 
540 0.000007 
541 0.000007 
542 0.000007 
543 0.000007 
544 0.000007 
545 0.000007 
546 0.000007 
547 0.000007 
548 0.000007 
549 0.000007 
550 0.000007 
551 0.000007 
552 0.000007 
553 0.000008 
554 0.000007 
555 0.000007 
556 0.000007 
557 0.000009 
558 0.000007 
559 0.000007 
560 0.000008 
561 0.000007 
562 0.000007 
563 0.000007 
564 0.000007 
565 0.000007 
566 0.000008 
567 0.000007 
568 0.000008 
569 0.000007 
570 0.000006 
571 0.000008 
572 0.000008 
573 0.000008 
574 0.000007 
575 0.000009 
576 0.000009 
577 0.000008 
578 0.000008 
579 0.000009 
580 0.000008 
581 0.000008 
582 0.000007 
583 0.000008 
584 0.000008 
585 0.000008 
586 0.000008 
587 0.000008 
588 0.000008 
589 0.000009 
590 0.000009 
591 0.000007 
592 0.000008 
593 0.000008 
594 0.000007 
595 0.000006 
596 0.000009 
597 0.000008 
598 0.000008 
599 0.000008 
600 0.000014 
601 0.000008 
602 0.000009 
603 0.000008 
604 0.000008 
605 0.000008 
606 0.000008 
607 0.000007 
608 0.000008 
609 0.000008 
610 0.000008 
611 0.000008 
612 0.000008 
613 0.000008 
614 0.000008 
615 0.000008 
616 0.000007 
617 0.000008 
618 0.000008 
619 0.000008 
620 0.000008 
621 0.000008 
622 0.000009 
623 0.000008 
624 0.000008 
625 0.000008 
626 0.000008 
627 0.000008 
628 0.000008 
629 0.000009 
630 0.000009 
631 0.000008 
632 0.000008 
633 0.000008 
634 0.000009 
635 0.000009 
636 0.000009 
637 0.000008 
638 0.000009 
639 0.000009 
640 0.000008 
641 0.000008 
642 0.000009 
643 0.000008 
644 0.000008 
645 0.000007 
646 0.000009 
647 0.000008 
648 0.000009 
649 0.000008 
650 0.000008 
651 0.000008 
652 0.000009 
653 0.000008 
654 0.000009 
655 0.000008 
656 0.000009 
657 0.000008 
658 0.000009 
659 0.000008 
660 0.000009 
661 0.000009 
662 0.000009 
663 0.000008 
664 0.000008 
665 0.000009 
666 0.000009 
667 0.000009 
668 0.000009 
669 0.000008 
670 0.000009 
671 0.000009 
672 0.000010 
673 0.000009 
674 0.000009 
675 0.000009 
676 0.000008 
677 0.000009 
678 0.000009 
679 0.000010 
680 0.000008 
681 0.000009 
682 0.000009 
683 0.000009 
684 0.000009 
685 0.000009 
686 0.000009 
687 0.000009 
688 0.000009 
689 0.000009 
690 0.000009 
691 0.000009 
692 0.000009 
693 0.000009 
694 0.000009 
695 0.000008 
696 0.000009 
697 0.000009 
698 0.000008 
699 0.000009 
700 0.000009 
701 0.000009 
702 0.000009 
703 0.000009 
704 0.000009 
705 0.000009 
706 0.000009 
707 0.000011 
708 0.000009 
709 0.000009 
710 0.000009 
711 0.000010 
712 0.000009 
713 0.000010 
714 0.000009 
715 0.000010 
716 0.000009 
717 0.000010 
718 0.000009 
719 0.000009 
720 0.000009 
721 0.000008 
722 0.000009 
723 0.000009 
724 0.000009 
725 0.000009 
726 0.000009 
727 0.000011 
728 0.000009 
729 0.000009 
730 0.000010 
731 0.000009 
732 0.000009 
733 0.000010 
734 0.000010 
735 0.000012 
736 0.000010 
737 0.000009 
738 0.000009 
739 0.000009 
740 0.000009 
741 0.000009 
742 0.000010 
743 0.000010 
744 0.000010 
745 0.000011 
746 0.000011 
747 0.000010 
748 0.000009 
749 0.000010 
750 0.000009 
751 0.000009 
752 0.000010 
753 0.000010 
754 0.000009 
755 0.000010 
756 0.000010 
757 0.000010 
758 0.000010 
759 0.000010 
760 0.000010 
761 0.000010 
762 0.000010 
763 0.000010 
764 0.000010 
765 0.000010 
766 0.000010 
767 0.000010 
768 0.000011 
769 0.000011 
770 0.000012 
771 0.000010 
772 0.000010 
773 0.000010 
774 0.000009 
775 0.000009 
776 0.000010 
777 0.000010 
778 0.000010 
779 0.000011 
780 0.000010 
781 0.000010 
782 0.000011 
783 0.000012 
784 0.000012 
785 0.000012 
786 0.000012 
787 0.000011 
788 0.000013 
789 0.000012 
790 0.000012 
791 0.000012 
792 0.000012 
793 0.000010 
794 0.000011 
795 0.000012 
796 0.000012 
797 0.000013 
798 0.000012 
799 0.000012 
800 0.000010 
801 0.000010 
802 0.000011 
803 0.000012 
804 0.000013 
805 0.000013 
806 0.000012 
807 0.000013 
808 0.000013 
809 0.000012 
810 0.000012 
811 0.000012 
812 0.000013 
813 0.000013 
814 0.000013 
815 0.000013 
816 0.000012 
817 0.000013 
818 0.000012 
819 0.000010 
820 0.000012 
821 0.000012 
822 0.000013 
823 0.000013 
824 0.000010 
825 0.000013 
826 0.000013 
827 0.000013 
828 0.000013 
829 0.000010 
830 0.000013 
831 0.000013 
832 0.000013 
833 0.000012 
834 0.000013 
835 0.000013 
836 0.000013 
837 0.000012 
838 0.000014 
839 0.000013 
840 0.000013 
841 0.000013 
842 0.000013 
843 0.000014 
844 0.000013 
845 0.000014 
846 0.000014 
847 0.000015 
848 0.000013 
849 0.000014 
850 0.000014 
851 0.000014 
852 0.000011 
853 0.000011 
854 0.000012 
855 0.000013 
856 0.000013 
857 0.000012 
858 0.000013 
859 0.000012 
860 0.000014 
861 0.000012 
862 0.000014 
863 0.000013 
864 0.000012 
865 0.000013 
866 0.000014 
867 0.000013 
868 0.000015 
869 0.000012 
870 0.000013 
871 0.000014 
872 0.000014 
873 0.000013 
874 0.000013 
875 0.000014 
876 0.000014 
877 0.000014 
878 0.000014 
879 0.000014 
880 0.000014 
881 0.000016 
882 0.000014 
883 0.000014 
884 0.000017 
885 0.000018 
886 0.000013 
887 0.000014 
888 0.000015 
889 0.000015 
890 0.000013 
891 0.000014 
892 0.000014 
893 0.000015 
894 0.000014 
895 0.000014 
896 0.000014 
897 0.000012 
898 0.000014 
899 0.000013 
900 0.000013 
901 0.000014 
902 0.000014 
903 0.000013 
904 0.000013 
905 0.000012 
906 0.000013 
907 0.000014 
908 0.000012 
909 0.000014 
910 0.000014 
911 0.000012 
912 0.000012 
913 0.000013 
914 0.000013 
915 0.000011 
916 0.000014 
917 0.000013 
918 0.000012 
919 0.000013 
920 0.000014 
921 0.000012 
922 0.000012 
923 0.000013 
924 0.000012 
925 0.000013 
926 0.000013 
927 0.000014 
928 0.000012 
929 0.000012 
930 0.000013 
931 0.000012 
932 0.000013 
933 0.000013 
934 0.000014 
935 0.000012 
936 0.000012 
937 0.000013 
938 0.000015 
939 0.000015 
940 0.000015 
941 0.000014 
942 0.000015 
943 0.000015 
944 0.000015 
945 0.000015 
946 0.000015 
947 0.000014 
948 0.000013 
949 0.000016 
950 0.000015 
951 0.000015 
952 0.000016 
953 0.000012 
954 0.000013 
955 0.000012 
956 0.000013 
957 0.000015 
958 0.000014 
959 0.000014 
960 0.000015 
961 0.000014 
962 0.000015 
963 0.000013 
964 0.000014 
965 0.000013 
966 0.000015 
967 0.000014 
968 0.000016 
969 0.000015 
970 0.000014 
971 0.000015 
972 0.000016 
973 0.000017 
974 0.000017 
975 0.000016 
976 0.000015 
977 0.000016 
978 0.000015 
979 0.000016 
980 0.000016 
981 0.000013 
982 0.000014 
983 0.000014 
984 0.000014 
985 0.000016 
986 0.000015 
987 0.000012 
988 0.000016 
989 0.000016 
990 0.000015 
991 0.000015 
992 0.000014 
993 0.000016 
994 0.000017 
995 0.000015 
996 0.000017 
997 0.000016 
998 0.000015 
999 0.000015 
