1 0.000001 
2 0.000001 
3 0.000001 
4 0.000001 
5 0.000001 
6 0.000001 
7 0.000001 
8 0.000001 
9 0.000001 
10 0.000001 
11 0.000001 
12 0.000001 
13 0.000001 
14 0.000001 
15 0.000001 
16 0.000001 
17 0.000001 
18 0.000001 
19 0.000001 
20 0.000001 
21 0.000001 
22 0.000001 
23 0.000001 
24 0.000001 
25 0.000001 
26 0.000001 
27 0.000001 
28 0.000001 
29 0.000001 
30 0.000001 
31 0.000001 
32 0.000001 
33 0.000002 
34 0.000001 
35 0.000001 
36 0.000001 
37 0.000001 
38 0.000001 
39 0.000001 
40 0.000001 
41 0.000001 
42 0.000001 
43 0.000001 
44 0.000001 
45 0.000001 
46 0.000001 
47 0.000001 
48 0.000001 
49 0.000001 
50 0.000001 
51 0.000001 
52 0.000001 
53 0.000001 
54 0.000001 
55 0.000001 
56 0.000001 
57 0.000001 
58 0.000001 
59 0.000001 
60 0.000001 
61 0.000002 
62 0.000002 
63 0.000001 
64 0.000002 
65 0.000002 
66 0.000002 
67 0.000002 
68 0.000005 
69 0.000002 
70 0.000002 
71 0.000001 
72 0.000001 
73 0.000001 
74 0.000002 
75 0.000002 
76 0.000001 
77 0.000001 
78 0.000001 
79 0.000001 
80 0.000001 
81 0.000001 
82 0.000001 
83 0.000002 
84 0.000002 
85 0.000002 
86 0.000002 
87 0.000002 
88 0.000002 
89 0.000002 
90 0.000002 
91 0.000001 
92 0.000002 
93 0.000002 
94 0.000002 
95 0.000002 
96 0.000002 
97 0.000002 
98 0.000002 
99 0.000002 
100 0.000002 
101 0.000002 
102 0.000002 
103 0.000002 
104 0.000002 
105 0.000002 
106 0.000002 
107 0.000002 
108 0.000002 
109 0.000002 
110 0.000002 
111 0.000002 
112 0.000002 
113 0.000002 
114 0.000002 
115 0.000002 
116 0.000002 
117 0.000002 
118 0.000002 
119 0.000002 
120 0.000002 
121 0.000002 
122 0.000002 
123 0.000002 
124 0.000002 
125 0.000002 
126 0.000002 
127 0.000002 
128 0.000002 
129 0.000002 
130 0.000002 
131 0.000002 
132 0.000004 
133 0.000002 
134 0.000002 
135 0.000002 
136 0.000002 
137 0.000002 
138 0.000002 
139 0.000002 
140 0.000002 
141 0.000002 
142 0.000002 
143 0.000002 
144 0.000002 
145 0.000002 
146 0.000002 
147 0.000002 
148 0.000002 
149 0.000002 
150 0.000002 
151 0.000002 
152 0.000002 
153 0.000002 
154 0.000002 
155 0.000002 
156 0.000002 
157 0.000002 
158 0.000002 
159 0.000002 
160 0.000002 
161 0.000002 
162 0.000002 
163 0.000002 
164 0.000002 
165 0.000002 
166 0.000002 
167 0.000002 
168 0.000002 
169 0.000002 
170 0.000002 
171 0.000002 
172 0.000002 
173 0.000002 
174 0.000002 
175 0.000003 
176 0.000003 
177 0.000003 
178 0.000003 
179 0.000003 
180 0.000003 
181 0.000003 
182 0.000003 
183 0.000003 
184 0.000003 
185 0.000003 
186 0.000003 
187 0.000003 
188 0.000003 
189 0.000003 
190 0.000003 
191 0.000003 
192 0.000003 
193 0.000003 
194 0.000003 
195 0.000004 
196 0.000004 
197 0.000003 
198 0.000003 
199 0.000003 
200 0.000003 
201 0.000003 
202 0.000003 
203 0.000003 
204 0.000003 
205 0.000003 
206 0.000003 
207 0.000003 
208 0.000005 
209 0.000003 
210 0.000004 
211 0.000005 
212 0.000003 
213 0.000003 
214 0.000003 
215 0.000003 
216 0.000003 
217 0.000003 
218 0.000003 
219 0.000003 
220 0.000003 
221 0.000003 
222 0.000003 
223 0.000003 
224 0.000003 
225 0.000003 
226 0.000003 
227 0.000003 
228 0.000003 
229 0.000003 
230 0.000003 
231 0.000003 
232 0.000003 
233 0.000003 
234 0.000003 
235 0.000003 
236 0.000003 
237 0.000003 
238 0.000003 
239 0.000003 
240 0.000003 
241 0.000003 
242 0.000003 
243 0.000003 
244 0.000003 
245 0.000003 
246 0.000004 
247 0.000004 
248 0.000003 
249 0.000003 
250 0.000003 
251 0.000003 
252 0.000003 
253 0.000004 
254 0.000004 
255 0.000003 
256 0.000004 
257 0.000003 
258 0.000004 
259 0.000003 
260 0.000003 
261 0.000003 
262 0.000004 
263 0.000004 
264 0.000003 
265 0.000003 
266 0.000004 
267 0.000004 
268 0.000004 
269 0.000004 
270 0.000004 
271 0.000006 
272 0.000004 
273 0.000004 
274 0.000004 
275 0.000004 
276 0.000004 
277 0.000004 
278 0.000005 
279 0.000005 
280 0.000004 
281 0.000004 
282 0.000004 
283 0.000004 
284 0.000004 
285 0.000004 
286 0.000004 
287 0.000004 
288 0.000004 
289 0.000004 
290 0.000004 
291 0.000004 
292 0.000004 
293 0.000004 
294 0.000004 
295 0.000004 
296 0.000004 
297 0.000006 
298 0.000004 
299 0.000004 
300 0.000005 
301 0.000004 
302 0.000004 
303 0.000004 
304 0.000004 
305 0.000004 
306 0.000004 
307 0.000004 
308 0.000004 
309 0.000005 
310 0.000004 
311 0.000004 
312 0.000004 
313 0.000005 
314 0.000004 
315 0.000004 
316 0.000005 
317 0.000004 
318 0.000005 
319 0.000004 
320 0.000004 
321 0.000004 
322 0.000004 
323 0.000005 
324 0.000004 
325 0.000004 
326 0.000004 
327 0.000004 
328 0.000005 
329 0.000004 
330 0.000005 
331 0.000004 
332 0.000006 
333 0.000005 
334 0.000005 
335 0.000005 
336 0.000005 
337 0.000005 
338 0.000005 
339 0.000006 
340 0.000005 
341 0.000004 
342 0.000006 
343 0.000004 
344 0.000005 
345 0.000005 
346 0.000006 
347 0.000005 
348 0.000005 
349 0.000005 
350 0.000006 
351 0.000005 
352 0.000005 
353 0.000005 
354 0.000005 
355 0.000005 
356 0.000005 
357 0.000005 
358 0.000005 
359 0.000005 
360 0.000005 
361 0.000005 
362 0.000005 
363 0.000005 
364 0.000005 
365 0.000005 
366 0.000005 
367 0.000005 
368 0.000005 
369 0.000005 
370 0.000005 
371 0.000005 
372 0.000005 
373 0.000005 
374 0.000005 
375 0.000005 
376 0.000005 
377 0.000005 
378 0.000005 
379 0.000005 
380 0.000005 
381 0.000005 
382 0.000005 
383 0.000005 
384 0.000005 
385 0.000005 
386 0.000005 
387 0.000006 
388 0.000007 
389 0.000005 
390 0.000007 
391 0.000005 
392 0.000006 
393 0.000005 
394 0.000005 
395 0.000006 
396 0.000005 
397 0.000006 
398 0.000006 
399 0.000006 
400 0.000006 
401 0.000006 
402 0.000005 
403 0.000006 
404 0.000006 
405 0.000006 
406 0.000005 
407 0.000005 
408 0.000005 
409 0.000005 
410 0.000005 
411 0.000005 
412 0.000005 
413 0.000006 
414 0.000005 
415 0.000006 
416 0.000005 
417 0.000005 
418 0.000006 
419 0.000006 
420 0.000006 
421 0.000007 
422 0.000006 
423 0.000005 
424 0.000006 
425 0.000005 
426 0.000005 
427 0.000005 
428 0.000005 
429 0.000005 
430 0.000006 
431 0.000006 
432 0.000006 
433 0.000006 
434 0.000006 
435 0.000006 
436 0.000007 
437 0.000006 
438 0.000006 
439 0.000006 
440 0.000006 
441 0.000006 
442 0.000006 
443 0.000006 
444 0.000006 
445 0.000006 
446 0.000006 
447 0.000006 
448 0.000006 
449 0.000006 
450 0.000006 
451 0.000006 
452 0.000006 
453 0.000006 
454 0.000006 
455 0.000006 
456 0.000006 
457 0.000006 
458 0.000006 
459 0.000006 
460 0.000006 
461 0.000006 
462 0.000006 
463 0.000006 
464 0.000006 
465 0.000006 
466 0.000006 
467 0.000006 
468 0.000007 
469 0.000007 
470 0.000007 
471 0.000007 
472 0.000007 
473 0.000006 
474 0.000006 
475 0.000006 
476 0.000006 
477 0.000008 
478 0.000006 
479 0.000006 
480 0.000006 
481 0.000006 
482 0.000007 
483 0.000006 
484 0.000006 
485 0.000006 
486 0.000006 
487 0.000006 
488 0.000006 
489 0.000006 
490 0.000006 
491 0.000006 
492 0.000007 
493 0.000007 
494 0.000007 
495 0.000006 
496 0.000006 
497 0.000006 
498 0.000006 
499 0.000007 
500 0.000007 
501 0.000007 
502 0.000006 
503 0.000007 
504 0.000007 
505 0.000007 
506 0.000007 
507 0.000006 
508 0.000007 
509 0.000007 
510 0.000006 
511 0.000007 
512 0.000007 
513 0.000006 
514 0.000007 
515 0.000007 
516 0.000007 
517 0.000007 
518 0.000006 
519 0.000007 
520 0.000008 
521 0.000007 
522 0.000007 
523 0.000007 
524 0.000007 
525 0.000007 
526 0.000007 
527 0.000007 
528 0.000008 
529 0.000007 
530 0.000007 
531 0.000007 
532 0.000007 
533 0.000007 
534 0.000007 
535 0.000007 
536 0.000006 
537 0.000008 
538 0.000007 
539 0.000007 
540 0.000007 
541 0.000007 
542 0.000007 
543 0.000007 
544 0.000007 
545 0.000007 
546 0.000007 
547 0.000006 
548 0.000007 
549 0.000007 
550 0.000006 
551 0.000007 
552 0.000007 
553 0.000007 
554 0.000007 
555 0.000009 
556 0.000007 
557 0.000008 
558 0.000007 
559 0.000007 
560 0.000008 
561 0.000007 
562 0.000008 
563 0.000007 
564 0.000008 
565 0.000008 
566 0.000008 
567 0.000008 
568 0.000008 
569 0.000008 
570 0.000008 
571 0.000008 
572 0.000008 
573 0.000008 
574 0.000008 
575 0.000009 
576 0.000008 
577 0.000008 
578 0.000008 
579 0.000008 
580 0.000008 
581 0.000010 
582 0.000008 
583 0.000008 
584 0.000008 
585 0.000008 
586 0.000009 
587 0.000008 
588 0.000008 
589 0.000008 
590 0.000008 
591 0.000008 
592 0.000007 
593 0.000010 
594 0.000008 
595 0.000008 
596 0.000008 
597 0.000008 
598 0.000008 
599 0.000008 
600 0.000008 
601 0.000008 
602 0.000008 
603 0.000008 
604 0.000008 
605 0.000008 
606 0.000008 
607 0.000008 
608 0.000008 
609 0.000008 
610 0.000008 
611 0.000008 
612 0.000009 
613 0.000009 
614 0.000008 
615 0.000008 
616 0.000010 
617 0.000009 
618 0.000009 
619 0.000009 
620 0.000009 
621 0.000009 
622 0.000008 
623 0.000009 
624 0.000009 
625 0.000009 
626 0.000009 
627 0.000009 
628 0.000009 
629 0.000009 
630 0.000009 
631 0.000009 
632 0.000010 
633 0.000009 
634 0.000008 
635 0.000008 
636 0.000008 
637 0.000009 
638 0.000009 
639 0.000008 
640 0.000009 
641 0.000009 
642 0.000009 
643 0.000008 
644 0.000008 
645 0.000009 
646 0.000008 
647 0.000008 
648 0.000008 
649 0.000008 
650 0.000008 
651 0.000008 
652 0.000008 
653 0.000009 
654 0.000008 
655 0.000008 
656 0.000008 
657 0.000008 
658 0.000009 
659 0.000009 
660 0.000009 
661 0.000009 
662 0.000010 
663 0.000008 
664 0.000009 
665 0.000009 
666 0.000009 
667 0.000008 
668 0.000009 
669 0.000009 
670 0.000009 
671 0.000009 
672 0.000009 
673 0.000009 
674 0.000009 
675 0.000009 
676 0.000009 
677 0.000009 
678 0.000010 
679 0.000009 
680 0.000009 
681 0.000009 
682 0.000009 
683 0.000010 
684 0.000009 
685 0.000009 
686 0.000009 
687 0.000009 
688 0.000009 
689 0.000009 
690 0.000009 
691 0.000009 
692 0.000008 
693 0.000009 
694 0.000009 
695 0.000009 
696 0.000010 
697 0.000009 
698 0.000010 
699 0.000009 
700 0.000011 
701 0.000010 
702 0.000010 
703 0.000011 
704 0.000010 
705 0.000010 
706 0.000010 
707 0.000011 
708 0.000011 
709 0.000011 
710 0.000010 
711 0.000011 
712 0.000011 
713 0.000011 
714 0.000009 
715 0.000011 
716 0.000011 
717 0.000011 
718 0.000010 
719 0.000011 
720 0.000011 
721 0.000011 
722 0.000011 
723 0.000011 
724 0.000011 
725 0.000010 
726 0.000011 
727 0.000010 
728 0.000010 
729 0.000009 
730 0.000010 
731 0.000009 
732 0.000010 
733 0.000010 
734 0.000009 
735 0.000010 
736 0.000010 
737 0.000010 
738 0.000009 
739 0.000010 
740 0.000010 
741 0.000009 
742 0.000009 
743 0.000009 
744 0.000010 
745 0.000010 
746 0.000010 
747 0.000009 
748 0.000010 
749 0.000010 
750 0.000009 
751 0.000010 
752 0.000009 
753 0.000011 
754 0.000009 
755 0.000010 
756 0.000010 
757 0.000010 
758 0.000010 
759 0.000009 
760 0.000010 
761 0.000009 
762 0.000010 
763 0.000010 
764 0.000010 
765 0.000010 
766 0.000010 
767 0.000010 
768 0.000010 
769 0.000010 
770 0.000010 
771 0.000010 
772 0.000010 
773 0.000010 
774 0.000010 
775 0.000010 
776 0.000010 
777 0.000011 
778 0.000010 
779 0.000010 
780 0.000010 
781 0.000010 
782 0.000010 
783 0.000010 
784 0.000009 
785 0.000011 
786 0.000010 
787 0.000010 
788 0.000011 
789 0.000010 
790 0.000010 
791 0.000010 
792 0.000010 
793 0.000010 
794 0.000011 
795 0.000012 
796 0.000009 
797 0.000010 
798 0.000011 
799 0.000010 
800 0.000010 
801 0.000011 
802 0.000010 
803 0.000010 
804 0.000011 
805 0.000010 
806 0.000012 
807 0.000012 
808 0.000011 
809 0.000011 
810 0.000011 
811 0.000011 
812 0.000011 
813 0.000010 
814 0.000010 
815 0.000011 
816 0.000011 
817 0.000011 
818 0.000011 
819 0.000011 
820 0.000011 
821 0.000011 
822 0.000011 
823 0.000011 
824 0.000010 
825 0.000011 
826 0.000011 
827 0.000011 
828 0.000011 
829 0.000011 
830 0.000011 
831 0.000011 
832 0.000013 
833 0.000012 
834 0.000011 
835 0.000012 
836 0.000011 
837 0.000011 
838 0.000011 
839 0.000011 
840 0.000011 
841 0.000011 
842 0.000011 
843 0.000011 
844 0.000011 
845 0.000011 
846 0.000011 
847 0.000011 
848 0.000011 
849 0.000011 
850 0.000011 
851 0.000012 
852 0.000012 
853 0.000011 
854 0.000011 
855 0.000012 
856 0.000011 
857 0.000011 
858 0.000011 
859 0.000011 
860 0.000011 
861 0.000012 
862 0.000011 
863 0.000012 
864 0.000012 
865 0.000011 
866 0.000012 
867 0.000012 
868 0.000012 
869 0.000012 
870 0.000012 
871 0.000012 
872 0.000013 
873 0.000012 
874 0.000012 
875 0.000013 
876 0.000012 
877 0.000011 
878 0.000012 
879 0.000011 
880 0.000011 
881 0.000011 
882 0.000012 
883 0.000012 
884 0.000012 
885 0.000012 
886 0.000011 
887 0.000012 
888 0.000011 
889 0.000011 
890 0.000012 
891 0.000011 
892 0.000011 
893 0.000012 
894 0.000012 
895 0.000012 
896 0.000012 
897 0.000012 
898 0.000011 
899 0.000012 
900 0.000011 
901 0.000012 
902 0.000012 
903 0.000011 
904 0.000011 
905 0.000013 
906 0.000013 
907 0.000011 
908 0.000013 
909 0.000015 
910 0.000012 
911 0.000013 
912 0.000012 
913 0.000013 
914 0.000013 
915 0.000013 
916 0.000015 
917 0.000014 
918 0.000013 
919 0.000013 
920 0.000014 
921 0.000012 
922 0.000015 
923 0.000014 
924 0.000013 
925 0.000012 
926 0.000014 
927 0.000012 
928 0.000012 
929 0.000012 
930 0.000013 
931 0.000013 
932 0.000012 
933 0.000013 
934 0.000013 
935 0.000013 
936 0.000012 
937 0.000013 
938 0.000013 
939 0.000014 
940 0.000013 
941 0.000013 
942 0.000014 
943 0.000013 
944 0.000014 
945 0.000013 
946 0.000014 
947 0.000012 
948 0.000014 
949 0.000013 
950 0.000013 
951 0.000013 
952 0.000013 
953 0.000014 
954 0.000014 
955 0.000013 
956 0.000013 
957 0.000014 
958 0.000015 
959 0.000013 
960 0.000013 
961 0.000013 
962 0.000014 
963 0.000013 
964 0.000016 
965 0.000013 
966 0.000014 
967 0.000013 
968 0.000013 
969 0.000015 
970 0.000013 
971 0.000014 
972 0.000014 
973 0.000013 
974 0.000014 
975 0.000013 
976 0.000016 
977 0.000013 
978 0.000014 
979 0.000015 
980 0.000014 
981 0.000015 
982 0.000013 
983 0.000013 
984 0.000012 
985 0.000013 
986 0.000013 
987 0.000013 
988 0.000014 
989 0.000013 
990 0.000015 
991 0.000013 
992 0.000014 
993 0.000014 
994 0.000013 
995 0.000014 
996 0.000013 
997 0.000013 
998 0.000013 
999 0.000015 
